0 0 1092.0 1092.0
0 2184 1092.0 3276.0
0 3276 1092.0 4368.0
0 8736 1092.0 9828.0
0 12012 1092.0 13104.0
0 14196 1092.0 15288.0
0 15288 1092.0 16380.0
1092 0 2184.0 1092.0
1092 1092 2184.0 2184.0
1092 3276 2184.0 4368.0
1092 5460 2184.0 6552.0
1092 6552 2184.0 7644.0
1092 7644 2184.0 8736.0
1092 8736 2184.0 9828.0
1092 9828 2184.0 10920.0
1092 15288 2184.0 16380.0
2184 0 3276.0 1092.0
2184 1092 3276.0 2184.0
2184 2184 3276.0 3276.0
2184 3276 3276.0 4368.0
2184 4368 3276.0 5460.0
2184 7644 3276.0 8736.0
2184 9828 3276.0 10920.0
2184 10920 3276.0 12012.0
2184 13104 3276.0 14196.0
2184 15288 3276.0 16380.0
3276 1092 4368.0 2184.0
3276 2184 4368.0 3276.0
3276 3276 4368.0 4368.0
3276 5460 4368.0 6552.0
3276 8736 4368.0 9828.0
3276 9828 4368.0 10920.0
3276 10920 4368.0 12012.0
4368 2184 5460.0 3276.0
4368 6552 5460.0 7644.0
4368 9828 5460.0 10920.0
4368 10920 5460.0 12012.0
4368 12012 5460.0 13104.0
4368 15288 5460.0 16380.0
5460 2184 6552.0 3276.0
5460 5460 6552.0 6552.0
5460 6552 6552.0 7644.0
5460 8736 6552.0 9828.0
5460 12012 6552.0 13104.0
5460 15288 6552.0 16380.0
6552 3276 7644.0 4368.0
6552 6552 7644.0 7644.0
6552 12012 7644.0 13104.0
7644 0 8736.0 1092.0
7644 3276 8736.0 4368.0
7644 7644 8736.0 8736.0
7644 8736 8736.0 9828.0
7644 9828 8736.0 10920.0
7644 12012 8736.0 13104.0
8736 1092 9828.0 2184.0
8736 2184 9828.0 3276.0
8736 3276 9828.0 4368.0
8736 6552 9828.0 7644.0
8736 9828 9828.0 10920.0
8736 14196 9828.0 15288.0
9828 0 10920.0 1092.0
9828 1092 10920.0 2184.0
9828 3276 10920.0 4368.0
9828 6552 10920.0 7644.0
9828 7644 10920.0 8736.0
9828 10920 10920.0 12012.0
9828 14196 10920.0 15288.0
9828 15288 10920.0 16380.0
10920 0 12012.0 1092.0
10920 1092 12012.0 2184.0
10920 2184 12012.0 3276.0
10920 3276 12012.0 4368.0
10920 4368 12012.0 5460.0
10920 5460 12012.0 6552.0
10920 6552 12012.0 7644.0
10920 7644 12012.0 8736.0
10920 8736 12012.0 9828.0
10920 10920 12012.0 12012.0
10920 12012 12012.0 13104.0
10920 13104 12012.0 14196.0
10920 14196 12012.0 15288.0
10920 15288 12012.0 16380.0
12012 0 13104.0 1092.0
12012 1092 13104.0 2184.0
12012 2184 13104.0 3276.0
12012 5460 13104.0 6552.0
12012 6552 13104.0 7644.0
12012 8736 13104.0 9828.0
12012 12012 13104.0 13104.0
12012 14196 13104.0 15288.0
13104 0 14196.0 1092.0
13104 1092 14196.0 2184.0
13104 3276 14196.0 4368.0
13104 5460 14196.0 6552.0
13104 7644 14196.0 8736.0
13104 10920 14196.0 12012.0
13104 12012 14196.0 13104.0
14196 0 15288.0 1092.0
14196 5460 15288.0 6552.0
14196 8736 15288.0 9828.0
14196 10920 15288.0 12012.0
15288 2184 16380.0 3276.0
15288 3276 16380.0 4368.0
15288 4368 16380.0 5460.0
15288 5460 16380.0 6552.0
15288 6552 16380.0 7644.0
15288 7644 16380.0 8736.0
15288 9828 16380.0 10920.0
15288 12012 16380.0 13104.0
15288 14196 16380.0 15288.0
15288 15288 16380.0 16380.0
